
(21960571938509354963441844656534233174958 61024028631561409
 872579997491063166431178023803420921
 499787226258468671969394868341587458438622380756240164463528900521143884
 1813393841061540038204689235503760149051095326868 1072619353150390063779876
 2244235431518794084864750262265797264613987882729254926 16502623801711881387
 214127270466093080553567157134821189523
 28026889493761885517020398160193765279464546662355500338344637223194330521926
 154210052726425658425912876423790348454801040168551
 250504362744179082799402294263998159797679143178
 18054775959578568848688688943134540160598685
 72069984951308255796733173768338537556624864230387964
 4191791511406047937117544432297785234934844227 276638787328215)